292 216 207 147 30 
294 245 182 110 43 
268 230 220 104 64 
219 132 106 45 22 
252 148 114 99 62 
267 148 141 139 24 
254 179 118 49 21 
255 245 80 65 46 
177 159 98 92 79 
203 193 57 45 7 
188 143 112 47 44 
170 149 93 57 54 
247 237 174 138 101 
279 151 127 96 47 
247 188 135 129 51 
294 262 205 119 41 
248 247 132 28 5 
263 254 225 165 32 
268 261 236 172 82 
249 214 209 92 55 
266 186 120 22 19 
199 73 59 34 27 
165 126 82 33 0 
294 255 198 47 19 
288 279 264 157 124 
272 173 61 38 3 
272 233 119 30 1 
276 266 150 44 41 
207 177 175 117 10 
299 252 223 50 49 
258 207 40 37 14 
265 255 205 198 106 
246 241 135 51 33 
223 169 162 40 2 
209 94 43 24 3 
264 251 205 197 16 
285 251 87 82 3 
273 194 115 112 38 
298 176 165 109 37 
201 200 198 193 41 
185 167 131 115 14 
286 138 135 133 15 
277 155 120 56 18 
295 249 217 116 20 
171 138 98 29 17 
276 274 235 224 62 
252 192 170 66 60 
143 131 62 43 3 
214 113 60 30 23 
222 163 127 94 83 
298 196 191 145 15 
292 241 133 83 36 
288 249 177 5 3 
217 147 90 40 3 
229 190 189 94 84 
213 204 172 88 11 
247 205 108 49 28 
235 202 175 144 19 
167 109 68 66 10 
297 281 232 125 30 
218 124 99 63 29 
296 172 167 118 21 
283 246 222 185 180 
293 212 192 109 25 
242 190 179 111 38 
293 284 136 131 77 
250 203 105 86 76 
258 209 115 72 31 
202 149 133 128 9 
270 161 130 106 77 
289 279 260 80 30 
268 191 163 139 127 
297 242 123 96 86 
155 139 136 101 16 
242 115 90 56 49 
294 209 190 55 24 
194 169 130 22 2 
225 202 144 98 20 
294 293 204 65 2 
193 97 81 56 12 
299 297 272 243 131 
290 274 228 142 16 
253 243 128 81 50 
255 190 122 113 34 
220 137 131 56 4 
269 156 101 91 4 
245 218 116 106 36 
296 237 170 146 29 
222 189 101 71 24 
237 236 29 26 18 
233 230 212 148 79 
253 211 107 97 38 
208 150 138 104 36 
244 241 75 75 36 
209 183 157 58 44 
223 210 124 123 104 
234 228 172 48 40 
296 293 166 98 51 
286 227 159 89 34 
270 254 180 50 15 
148 109 105 35 25 
236 226 198 143 16 
279 271 178 102 6 
267 145 41 37 8 
227 209 153 113 46 
278 236 192 18 7 
156 144 108 70 52 
221 184 140 139 132 
269 220 68 32 19 
267 141 77 34 9 
173 134 124 67 28 
151 37 34 22 17 
249 172 77 75 2 
289 286 284 195 78 
294 253 247 135 124 
294 293 261 132 53 
185 179 155 140 126 
258 230 185 179 145 
240 230 205 18 17 
283 256 191 115 15 
297 293 253 190 72 
174 155 125 52 16 
183 167 138 77 66 
296 238 193 103 22 
268 254 201 126 92 
286 214 181 60 13 
246 232 130 117 45 
179 139 94 62 16 
292 229 157 152 70 
275 265 255 219 54 
293 263 200 124 27 
209 208 142 115 90 
161 112 57 56 40 
255 188 135 116 56 
257 227 181 127 116 
213 198 136 125 22 
160 150 131 39 15 
255 218 107 89 79 
213 198 136 125 22 
160 150 131 39 15 
255 218 107 89 79 
180 168 110 28 9 
293 287 195 183 101 
293 265 186 170 140 
299 225 214 182 105 
261 217 186 160 24 
228 195 168 93 51 
280 254 193 118 36 
173 142 139 136 7 
272 261 234 116 83 
280 187 154 149 129 
293 236 210 166 66 
289 271 199 132 122 
161 154 116 76 56 
293 187 75 46 37 
244 126 96 72 50 
238 214 137 49 10 
284 259 238 131 66 
284 227 221 197 185 
298 281 253 141 5 
229 221 206 109 64 
210 196 155 144 8 
289 229 225 134 76 
236 183 141 140 93 
107 86 53 37 15 
211 123 71 63 47 
283 257 251 150 59 
247 220 85 79 59 
237 234 220 201 45 
240 209 142 137 121 
264 229 216 144 135 
260 259 199 127 53 
280 239 160 143 80 
274 248 145 111 77 
199 118 117 21 19 
195 184 137 85 0 
288 182 165 52 5 
272 217 179 178 10 
253 221 203 131 3 
226 192 92 53 16 
256 172 107 100 85 
287 249 245 94 85 
292 174 135 59 17 
264 253 252 249 249 
298 284 119 32 30 
263 72 64 27 9 
270 254 218 144 91 
253 166 77 51 41 
295 188 111 74 70 
222 189 120 111 33 
265 248 224 181 104 
177 164 149 53 50 
287 222 162 157 33 
224 134 81 53 2 
122 64 38 11 5 
296 246 145 66 38 
276 276 220 84 56 
275 247 200 137 114 
233 141 133 33 31 
187 107 61 9 0 
299 162 113 27 1 
225 212 156 136 78 
255 212 129 126 23 
297 177 157 4 1 
282 250 244 170 164 
136 107 83 65 64 
242 216 174 172 18 
298 267 201 39 16 
201 154 150 75 38 
242 235 176 161 136 
278 260 259 186 69 
259 222 171 69 67 
299 257 250 211 142 
232 210 204 154 9 
143 140 43 25 17 
259 224 190 179 86 
135 115 55 32 0 
118 66 59 54 31 
249 180 166 128 20 
121 78 74 73 61 
280 188 166 69 35 
219 192 156 52 52 
290 266 241 214 95 
272 231 193 20 14 
293 248 213 208 181 
270 253 198 107 56 
275 170 83 51 1 
299 280 270 217 53 
244 190 159 147 118 
157 155 108 106 25 
270 147 137 119 50 
278 242 123 90 46 
249 210 157 115 8 
256 155 145 140 7 
242 235 179 136 25 
208 158 92 70 69 
273 215 207 179 112 
257 195 157 51 43 
271 244 198 193 71 
299 279 262 235 233 
178 171 159 89 31 
240 132 38 19 15 
263 133 107 63 22 
298 235 140 116 20 
289 189 160 147 33 
275 176 175 153 103 
286 258 225 204 160 
294 204 107 57 48 
263 260 254 190 150 
206 165 97 72 1 
285 201 156 141 133 
265 225 224 60 40 
262 260 115 64 28 
293 261 207 97 33 
280 269 157 62 61 
250 248 88 76 72 
220 190 132 46 15 
282 131 78 69 18 
240 111 54 29 4 
112 101 99 31 26 
179 150 122 69 52 
260 209 124 113 16 
234 201 186 115 49 
294 219 173 91 66 
278 241 194 138 56 
249 165 116 95 46 
223 209 186 21 0 
267 187 138 112 78 
265 233 205 165 156 
190 98 82 23 22 
248 222 169 153 55 
273 174 128 74 40 
299 260 254 135 48 
210 168 46 28 22 
169 155 135 103 28 
294 274 262 105 23 
293 268 180 80 10 
297 233 219 127 79 
246 131 82 54 24 
215 206 99 56 46 
281 223 165 134 94 
267 264 248 96 95 
76 68 55 49 28 
296 189 186 177 5 
273 233 90 53 11 
266 257 162 120 20 
268 140 133 118 90 
230 131 58 47 31 
275 166 113 41 1 
288 254 129 127 8 
225 127 124 70 20 
224 216 139 96 27 
249 216 215 197 163 
281 215 150 111 80 
287 192 157 100 98 
261 193 184 173 118 
262 233 191 124 46 
295 206 184 129 33 
203 85 80 60 60 
283 258 240 192 89 
287 167 156 43 11 
269 232 44 41 32 
283 186 91 66 43 
230 228 220 157 81 
237 146 139 12 0 
214 139 136 109 19 
255 213 153 153 14 
278 83 44 38 9 
287 265 204 48 26 
181 170 163 120 49 
242 175 85 22 3 
279 234 215 185 109 
294 256 91 57 54 
269 187 133 109 101 
299 205 102 95 28 
126 82 69 40 7 
287 275 205 194 4 
263 148 97 69 53 
222 168 98 48 18 
225 212 182 127 113 
240 239 131 111 96 
235 232 161 31 25 
228 219 163 108 101 
298 287 195 128 15 
225 114 99 50 32 
245 242 169 161 58 
217 201 162 16 11 
285 268 131 127 123 
195 180 73 29 27 
182 179 147 19 4 
228 146 53 52 46 
263 251 245 164 76 
166 163 146 104 46 
286 274 267 260 147 
276 251 231 153 59 
267 198 168 72 57 
254 144 112 33 12 
292 260 258 134 120 
251 164 101 78 68 
267 218 185 86 14 
279 265 222 154 119 
289 178 138 136 31 
266 241 75 71 52 
277 188 183 131 47 
288 261 244 147 64 
290 207 94 49 39 
282 272 185 163 28 
298 172 170 101 97 
152 142 65 57 45 
197 113 91 31 13 
199 111 81 48 16 
287 154 93 70 63 
162 144 135 73 67 
237 161 66 49 11 
166 150 148 124 39 
241 211 207 156 11 
142 90 54 34 26 
144 139 135 61 40 
226 82 74 68 39 
293 167 110 69 69 
172 142 120 62 52 
195 179 109 109 106 
238 217 119 81 36 
285 243 212 202 192 
194 147 126 93 62 
277 104 88 86 66 
291 192 126 111 45 
297 235 149 101 90 
298 208 121 111 78 
166 66 23 13 7 
260 134 54 34 0 
254 252 91 81 55 
248 217 201 133 24 
212 208 180 57 46 
295 170 156 48 31 
256 251 206 121 46 
274 269 208 64 17 
299 242 200 127 83 
179 121 116 24 24 
274 114 85 63 23 
227 176 134 102 5 
216 185 141 137 71 
299 197 106 74 14 
267 266 199 74 32 
213 144 56 52 35 
277 259 181 181 173 
284 241 239 185 34 
288 281 273 110 84 
264 212 144 112 46 
279 209 160 107 38 
177 159 134 122 117 
258 252 198 105 91 
263 256 191 187 135 
234 219 144 126 46 
277 159 113 73 21 
260 199 182 181 103 
265 133 122 99 91 
227 224 180 77 23 
267 187 76 20 18 
265 235 196 145 107 
286 113 103 83 64 
262 180 175 68 13 
260 257 195 118 111 
228 197 138 78 2 
233 232 213 135 45 
283 177 57 34 30 
229 227 201 53 22 
251 227 186 141 114 
250 200 178 61 13 
291 259 212 110 99 
198 152 86 46 13 
233 145 128 94 31 
189 166 63 49 0 
252 245 181 129 127 
207 131 116 107 38 
227 186 126 48 17 
209 114 30 7 3 
294 251 196 110 25 
293 214 205 176 166 
190 156 131 99 83 
267 216 182 140 7 
259 183 174 106 55 
251 164 74 68 1 
299 248 247 219 62 
293 252 250 167 99 
289 277 269 195 0 
191 146 90 74 68 
161 143 136 126 121 
266 244 122 32 3 
272 232 214 175 11 
280 230 110 73 41 
297 195 149 58 47 
293 225 198 96 55 
268 216 123 66 54 
225 207 180 178 79 
213 202 131 74 52 
199 132 128 116 96 
286 282 258 222 208 
266 209 102 61 41 
266 188 177 115 57 
261 260 183 162 31 
252 215 145 130 84 
202 96 63 54 28 
254 146 126 76 51 
239 115 104 38 27 
273 164 85 70 17 
266 202 106 87 61 
280 276 179 72 30 
257 241 211 113 62 
291 121 99 73 19 
290 268 223 143 111 
281 177 119 117 108 
145 82 42 41 23 
243 174 168 52 49 
292 233 204 180 141 
147 125 122 44 19 
281 264 253 129 85 
254 156 108 95 0 
209 182 134 50 6 
265 185 141 133 89 
274 211 130 31 26 
294 127 61 31 7 
291 240 232 200 84 
276 123 73 49 26 
260 178 156 140 96 
264 240 78 35 26 
274 160 78 58 9 
192 101 65 31 11 
262 231 196 77 23 
284 231 202 100 3 
237 192 187 175 122 
288 221 199 150 98 
289 259 217 164 122 
274 220 177 155 89 
228 198 180 136 84 
247 144 90 59 0 
297 288 219 141 128 
175 151 148 116 76 
177 161 111 93 48 
253 225 183 164 96 
288 175 85 60 6 
134 128 56 23 2 
299 193 117 109 25 
266 232 184 139 136 
253 217 141 60 24 
209 121 111 99 47 
254 196 165 120 107 
206 200 193 76 39 
133 89 71 45 4 
202 110 65 58 8 
187 126 61 47 18 
253 238 234 218 68 
215 104 87 52 46 
271 253 242 223 81 
276 117 46 32 21 
267 165 100 98 88 
271 205 102 24 7 
272 241 232 195 94 
239 177 81 19 10 
267 218 204 194 103 
185 126 72 57 13 
264 254 202 163 131 
268 175 74 59 35 
278 261 244 217 161 
153 93 77 77 55 
294 241 159 37 8 
236 205 140 102 21 
196 135 97 87 44 
107 90 89 73 2 
258 230 165 116 105 
289 254 254 115 48 
286 260 130 68 0 
279 140 139 113 104 
261 253 194 180 112 
225 221 111 54 8 
276 234 229 217 13 
208 173 155 139 45 
290 244 199 148 100 
253 159 151 151 106 
295 198 172 78 57 
271 242 125 89 16 
284 266 120 74 67 
213 165 133 88 36 
234 188 175 146 69 
295 267 239 81 23 
251 196 178 139 133 
165 109 82 68 63 
297 140 73 41 38 
275 175 168 140 108 
184 142 62 26 15 
290 154 132 82 65 
283 214 208 197 91 
275 180 131 122 115 
216 203 200 145 55 
160 154 150 132 129 
290 205 164 103 41 
222 213 187 104 63 
296 234 211 100 64 
280 267 230 116 90 
243 204 148 33 14 
251 224 164 130 91 
133 96 50 47 13 
293 276 241 207 73 
267 193 88 48 42 
263 253 238 173 64 
244 76 42 5 4 
291 269 233 164 16 
235 222 216 164 152 
244 208 100 79 62 
269 227 198 111 23 
287 280 252 120 34 
265 154 136 133 80 
216 177 134 82 42 
255 163 151 66 33 
283 191 142 51 30 
277 205 83 48 26 
242 224 204 187 137 
246 215 209 159 42 
217 211 86 80 24 
248 198 148 37 5 
277 263 255 168 134 
198 131 91 70 68 
234 189 123 72 22 
294 261 166 108 6 
279 223 193 173 98 
207 190 159 105 79 
256 151 150 116 43 
246 159 102 71 0 
215 209 190 42 36 
211 131 86 62 49 
199 192 162 94 81 
218 185 65 31 12 
287 275 262 169 80 
290 289 167 135 68 
243 155 92 92 44 
276 169 150 121 61 
171 163 135 111 36 
205 164 113 34 25 
221 193 167 156 139 
218 142 103 57 13 
241 226 167 151 22 
259 232 138 69 59 
298 235 189 142 8 
282 273 269 154 82 
270 198 52 41 35 
198 152 151 71 20 
220 110 77 73 38 
172 127 107 101 80 
272 271 114 83 57 
246 184 138 17 5 
292 234 147 70 35 
247 246 205 194 105 
272 197 172 112 88 
207 122 105 73 6 
275 240 121 47 27 
292 200 159 119 37 
297 157 149 105 44 
298 297 276 232 214 
204 200 199 71 1 
211 205 160 45 30 
216 216 161 31 2 
199 163 114 76 13 
234 202 166 92 21 
168 148 139 79 7 
190 82 45 28 20 
209 198 189 127 67 
228 183 165 102 12 
174 172 105 99 51 
225 223 182 138 6 
250 168 132 104 88 
241 230 191 154 137 
251 231 177 166 22 
269 222 204 131 47 
225 209 186 110 98 
288 258 98 81 81 
263 224 203 135 69 
237 160 91 45 13 
157 118 84 63 48 
243 126 79 60 57 
257 249 154 130 89 
192 191 181 70 60 
296 288 236 214 103 
282 278 195 32 30 
285 100 54 24 3 
263 169 141 111 39 
245 235 193 128 13 
153 133 106 59 49 
283 100 96 94 62 
227 168 112 22 4 
274 272 218 74 21 
280 234 113 93 78 
294 280 255 64 28 
207 137 76 72 31 
205 148 48 26 26 
286 218 199 109 44 
190 181 165 86 67 
286 263 203 163 130 
193 185 69 7 3 
292 221 187 23 15 
258 203 103 87 49 
282 124 109 28 6 
252 171 156 20 1 
216 212 181 165 108 
293 257 122 43 9 
293 258 256 163 5 
220 197 87 25 20 
220 148 133 57 28 
299 272 220 188 32 
258 250 117 62 52 
290 278 227 99 62 
267 180 165 23 13 
272 263 98 34 34 
290 241 171 168 90 
284 212 117 78 77 
233 207 150 59 4 
143 112 109 91 69 
220 178 143 100 16 
216 137 52 48 15 
273 246 195 17 9 
281 264 243 169 134 
214 195 183 62 31 
265 148 127 62 1 
242 216 192 142 4 
267 242 239 150 111 
254 222 132 123 45 
285 180 99 20 0 
226 217 216 121 38 
210 207 206 188 145 
250 194 174 160 41 
264 256 178 165 83 
266 252 244 124 102 
254 199 113 101 89 
293 128 112 55 29 
253 252 244 112 56 
280 202 182 180 3 
144 138 134 72 45 
268 234 190 93 38 
280 262 121 83 30 
296 269 250 215 130 
247 217 143 128 83 
188 91 80 80 42 
289 277 90 41 25 
201 158 152 78 26 
239 150 107 49 19 
238 124 99 52 6 
286 248 182 117 110 
286 266 175 67 55 
249 177 126 113 104 
297 91 89 46 44 
212 210 140 108 51 
268 213 147 66 42 
274 101 90 66 7 
298 288 275 45 16 
277 221 204 193 102 
295 262 255 112 38 
298 271 264 250 158 
285 227 127 43 34 
265 171 135 100 23 
127 70 69 36 3 
294 283 161 111 45 
250 139 126 78 47 
237 213 145 82 19 
248 205 194 118 79 
240 127 119 54 18 
287 276 224 64 8 
179 65 30 3 2 
117 108 97 66 42 
291 270 245 169 158 
275 204 102 19 8 
255 251 94 85 63 
216 204 92 82 42 
168 67 44 24 15 
195 129 91 67 29 
293 292 122 89 25 
143 124 98 34 25 
217 202 88 63 29 
267 260 255 196 110 
200 154 141 130 46 
279 144 127 92 67 
274 249 74 59 42 
256 249 204 175 109 
197 150 113 100 97 
289 214 206 177 142 
238 195 110 67 15 
269 204 165 140 43 
297 173 41 16 10 
189 150 141 50 40 
220 208 159 99 84 
260 233 158 149 129 
270 202 83 42 39 
263 252 202 54 43 
257 226 216 132 120 
252 243 192 105 5 
222 180 123 121 78 
271 220 183 64 58 
280 211 187 39 4 
267 234 180 118 118 
295 126 120 92 38 
183 161 152 29 8 
246 214 151 150 18 
255 217 177 165 29 
265 242 197 189 0 
219 197 87 55 40 
259 122 89 88 53 
285 114 111 93 7 
291 218 213 142 48 
223 145 129 92 39 
227 150 112 59 35 
220 187 182 174 152 
233 218 152 63 20 
238 183 168 83 5 
285 278 218 209 205 
258 238 224 222 181 
292 191 65 59 27 
253 188 97 40 37 
196 123 101 71 58 
212 211 173 160 124 
208 198 168 117 64 
219 200 82 10 1 
298 266 235 233 215 
292 210 174 88 29 
292 277 267 154 73 
161 132 123 41 6 
229 152 147 124 83 
288 263 199 175 169 
286 251 248 226 4 
226 209 134 81 28 
278 197 180 162 111 
269 256 168 76 21 
244 235 215 198 79 
273 270 258 123 81 
295 278 56 39 0 
273 188 183 44 13 
270 259 197 177 14 
281 255 219 113 58 
280 252 250 174 60 
279 262 136 135 64 
195 188 174 57 19 
290 187 176 86 39 
295 280 272 183 66 
276 252 142 90 74 
267 258 169 140 21 
266 260 227 152 128 
296 234 152 147 69 
252 192 124 77 17 
271 252 167 153 97 
297 221 141 99 0 
219 191 100 40 5 
155 149 111 78 32 
217 203 154 88 72 
247 240 209 196 135 
291 268 217 127 25 
207 136 37 35 0 
253 229 193 104 31 
266 189 120 69 63 
277 223 101 41 15 
286 236 215 29 7 
209 119 117 78 0 
256 158 106 34 16 
267 250 91 82 8 
291 283 281 90 80 
286 154 114 53 34 
294 238 211 86 36 
263 208 188 57 32 
236 235 233 102 94 
257 202 199 197 76 
269 258 74 47 27 
286 107 84 69 19 
222 101 94 76 74 
189 99 90 70 36 
250 199 158 149 12 
247 221 121 106 75 
227 224 184 182 62 
234 205 168 134 132 
253 145 136 130 47 
232 150 123 44 1 
264 236 233 226 164 
297 277 211 181 108 
285 219 188 173 75 
203 201 171 97 22 
224 218 190 154 103 
276 259 242 141 12 
255 246 200 160 70 
186 177 113 64 13 
272 258 221 113 99 
250 214 126 73 70 
259 245 223 170 70 
261 246 135 90 63 
268 253 235 233 188 
264 209 170 158 18 
284 183 144 92 67 
283 271 238 199 185 
259 253 231 187 66 
287 202 196 177 139 
268 240 227 224 31 
150 122 118 93 15 
185 169 157 154 21 
223 167 66 61 45 
177 108 69 63 15 
294 294 188 160 62 
185 123 65 35 18 
199 139 96 74 21 
186 108 102 64 12 
286 285 247 148 25 
278 262 205 200 6 
267 213 126 58 39 
262 142 134 118 68 
230 174 114 74 31 
262 196 162 138 14 
206 187 163 157 19 
212 121 103 102 3 
283 216 147 73 36 
200 179 171 85 32 
282 251 231 151 89 
286 271 120 63 43 
163 99 91 75 71 
259 229 155 142 92 
251 170 107 85 60 
279 251 64 55 49 
272 167 135 123 72 
246 242 179 165 14 
248 208 167 118 44 
241 195 152 11 3 
272 251 139 84 11 
279 234 125 113 89 
189 129 125 26 18 
291 153 132 127 126 
231 180 174 160 56 
294 129 105 98 78 
253 220 211 173 12 
251 84 79 36 35 
291 243 173 111 8 
282 263 189 124 80 
251 250 187 148 28 
207 142 140 134 43 
267 218 165 149 51 
202 190 184 168 111 
285 212 183 126 123 
216 177 175 156 57 
275 216 136 90 18 
280 230 125 89 83 
267 258 204 155 100 
285 210 201 176 119 
181 142 136 108 50 
263 242 158 21 8 
276 215 200 108 52 
220 113 110 71 56 
121 71 70 34 0 
267 196 100 35 23 
234 198 168 167 114 
236 205 118 115 72 
269 253 227 86 67 
273 207 46 24 1 
291 267 245 236 160 
253 132 121 67 48 
161 155 89 53 8 
240 235 175 105 36 
118 89 64 26 0 
294 135 125 118 53 
286 203 152 119 40 
286 137 124 85 5 
129 117 111 108 12 
296 284 130 118 10 
